Iteração 0:
 1  1  1  0  0  0 50
 0  0  0  1  1  1 70
 1  0  0  1  0  0 20
 0  1  0  0  1  0 40
 0  0  1  0  0  1 60

Iteração 1:
 0  1  1 -1  0  0 30
 0  0  0  1  1  1 70
 1  0  0  1  0  0 20
 0  1  0  0  1  0 40
 0  0  1  0  0  1 60

Iteração 2:
 0  1  1 -1  0  0 30
 0  0  0  1  1  1 70
 1  0  0  1  0  0 20
 0  0 -1  1  1  0 10
 0  0  1  0  0  1 60

Iteração 3:
 0  1  1 -1  0  0 30
 0  0  1  0  0  1 60
 1  0  0  1  0  0 20
 0  0 -1  1  1  0 10
 0  0  1  0  0  1 60

Iteração 4:
 0  1  1 -1  0  0 30
 0  0  1  0  0  1 60
 1  0  0  1  0  0 20
 0  0 -1  1  1  0 10
 0  0  0  0  0  0  0

