Iteração 0:
      0       0       0       0       0       0     400
      0       0       0       0       0       0     300
      0       0       0       0       0       0     150
      0       0       0       0       0       0     300
      0       0       0       0       0       0     100
      0       0       0       0       0       0     250
      0       0       0       0       0       0     350
    600     250     250     500     150     100       0

Iteração 1:
      0       0       0       0       0     100     300
      0       0       0       0       0       0     300
      0       0       0       0       0       0     150
      0       0       0       0       0       0     300
      0       0       0       0       0       0     100
      0       0       0       0       0       0     250
      0       0       0       0       0       0     350
    600     250     250     500     150       0       0

Iteração 1:
      0       0       0       0       0     100     300
      0       0       0       0       0       0     300
      0       0       0       0       0       0     150
      0       0       0       0       0       0     300
      0       0       0       0       0       0     100
      0       0       0       0       0       0     250
      0       0       0       0       0       0     350
    600     250     250     500     150       0       0

Iteração 2:
      0       0       0       0       0     100     300
      0       0       0       0       0       0     300
      0       0       0       0       0       0     150
      0       0       0       0       0       0     300
      0       0       0       0       0       0     100
    250       0       0       0       0       0       0
      0       0       0       0       0       0     350
    350     250     250     500     150       0       0

Iteração 2:
      0       0       0       0       0     100     300
      0       0       0       0       0       0     300
      0       0       0       0       0       0     150
      0       0       0       0       0       0     300
      0       0       0       0       0       0     100
    250       0       0       0       0       0       0
      0       0       0       0       0       0     350
    350     250     250     500     150       0       0

Iteração 3:
      0       0       0     300       0     100       0
      0       0       0       0       0       0     300
      0       0       0       0       0       0     150
      0       0       0       0       0       0     300
      0       0       0       0       0       0     100
    250       0       0       0       0       0       0
      0       0       0       0       0       0     350
    350     250     250     200     150       0       0

Iteração 4:
      0       0       0     300       0     100       0
      0       0       0       0     150       0     150
      0       0       0       0       0       0     150
      0       0       0       0       0       0     300
      0       0       0       0       0       0     100
    250       0       0       0       0       0       0
      0       0       0       0       0       0     350
    350     250     250     200       0       0       0

Iteração 4:
      0       0       0     300       0     100       0
      0       0       0       0     150       0     150
      0       0       0       0       0       0     150
      0       0       0       0       0       0     300
      0       0       0       0       0       0     100
    250       0       0       0       0       0       0
      0       0       0       0       0       0     350
    350     250     250     200       0       0       0

Iteração 5:
      0       0       0     300       0     100       0
      0       0       0       0     150       0     150
      0       0       0       0       0       0     150
    300       0       0       0       0       0       0
      0       0       0       0       0       0     100
    250       0       0       0       0       0       0
      0       0       0       0       0       0     350
     50     250     250     200       0       0       0

Iteração 6:
      0       0       0     300       0     100       0
      0       0       0       0     150       0     150
      0       0       0       0       0       0     150
    300       0       0       0       0       0       0
      0     100       0       0       0       0       0
    250       0       0       0       0       0       0
      0       0       0       0       0       0     350
     50     150     250     200       0       0       0

Iteração 6:
      0       0       0     300       0     100       0
      0       0       0       0     150       0     150
      0       0       0       0       0       0     150
    300       0       0       0       0       0       0
      0     100       0       0       0       0       0
    250       0       0       0       0       0       0
      0       0       0       0       0       0     350
     50     150     250     200       0       0       0

Iteração 6:
      0       0       0     300       0     100       0
      0       0       0       0     150       0     150
      0       0       0       0       0       0     150
    300       0       0       0       0       0       0
      0     100       0       0       0       0       0
    250       0       0       0       0       0       0
      0       0       0       0       0       0     350
     50     150     250     200       0       0       0

Iteração 6:
      0       0       0     300       0     100       0
      0       0       0       0     150       0     150
      0       0       0       0       0       0     150
    300       0       0       0       0       0       0
      0     100       0       0       0       0       0
    250       0       0       0       0       0       0
      0       0       0       0       0       0     350
     50     150     250     200       0       0       0

Iteração 6:
      0       0       0     300       0     100       0
      0       0       0       0     150       0     150
      0       0       0       0       0       0     150
    300       0       0       0       0       0       0
      0     100       0       0       0       0       0
    250       0       0       0       0       0       0
      0       0       0       0       0       0     350
     50     150     250     200       0       0       0

Iteração 7:
      0       0       0     300       0     100       0
     50       0       0       0     150       0     100
      0       0       0       0       0       0     150
    300       0       0       0       0       0       0
      0     100       0       0       0       0       0
    250       0       0       0       0       0       0
      0       0       0       0       0       0     350
      0     150     250     200       0       0       0

Iteração 7:
      0       0       0     300       0     100       0
     50       0       0       0     150       0     100
      0       0       0       0       0       0     150
    300       0       0       0       0       0       0
      0     100       0       0       0       0       0
    250       0       0       0       0       0       0
      0       0       0       0       0       0     350
      0     150     250     200       0       0       0

Iteração 8:
      0       0       0     300       0     100       0
     50       0       0       0     150       0     100
      0       0       0     150       0       0       0
    300       0       0       0       0       0       0
      0     100       0       0       0       0       0
    250       0       0       0       0       0       0
      0       0       0       0       0       0     350
      0     150     250      50       0       0       0

Iteração 8:
      0       0       0     300       0     100       0
     50       0       0       0     150       0     100
      0       0       0     150       0       0       0
    300       0       0       0       0       0       0
      0     100       0       0       0       0       0
    250       0       0       0       0       0       0
      0       0       0       0       0       0     350
      0     150     250      50       0       0       0

Iteração 8:
      0       0       0     300       0     100       0
     50       0       0       0     150       0     100
      0       0       0     150       0       0       0
    300       0       0       0       0       0       0
      0     100       0       0       0       0       0
    250       0       0       0       0       0       0
      0       0       0       0       0       0     350
      0     150     250      50       0       0       0

Iteração 8:
      0       0       0     300       0     100       0
     50       0       0       0     150       0     100
      0       0       0     150       0       0       0
    300       0       0       0       0       0       0
      0     100       0       0       0       0       0
    250       0       0       0       0       0       0
      0       0       0       0       0       0     350
      0     150     250      50       0       0       0

Iteração 8:
      0       0       0     300       0     100       0
     50       0       0       0     150       0     100
      0       0       0     150       0       0       0
    300       0       0       0       0       0       0
      0     100       0       0       0       0       0
    250       0       0       0       0       0       0
      0       0       0       0       0       0     350
      0     150     250      50       0       0       0

Iteração 8:
      0       0       0     300       0     100       0
     50       0       0       0     150       0     100
      0       0       0     150       0       0       0
    300       0       0       0       0       0       0
      0     100       0       0       0       0       0
    250       0       0       0       0       0       0
      0       0       0       0       0       0     350
      0     150     250      50       0       0       0

Iteração 8:
      0       0       0     300       0     100       0
     50       0       0       0     150       0     100
      0       0       0     150       0       0       0
    300       0       0       0       0       0       0
      0     100       0       0       0       0       0
    250       0       0       0       0       0       0
      0       0       0       0       0       0     350
      0     150     250      50       0       0       0

Iteração 9:
      0       0       0     300       0     100       0
     50       0     100       0     150       0       0
      0       0       0     150       0       0       0
    300       0       0       0       0       0       0
      0     100       0       0       0       0       0
    250       0       0       0       0       0       0
      0       0       0       0       0       0     350
      0     150     150      50       0       0       0

Iteração 10:
      0       0       0     300       0     100       0
     50       0     100       0     150       0       0
      0       0       0     150       0       0       0
    300       0       0       0       0       0       0
      0     100       0       0       0       0       0
    250       0       0       0       0       0       0
      0     150       0       0       0       0     200
      0       0     150      50       0       0       0

Iteração 11:
      0       0       0     300       0     100       0
     50       0     100       0     150       0       0
      0       0       0     150       0       0       0
    300       0       0       0       0       0       0
      0     100       0       0       0       0       0
    250       0       0       0       0       0       0
      0     150     150       0       0       0      50
      0       0       0      50       0       0       0

Iteração 12:
      0       0       0     300       0     100       0
     50       0     100       0     150       0       0
      0       0       0     150       0       0       0
    300       0       0       0       0       0       0
      0     100       0       0       0       0       0
    250       0       0       0       0       0       0
      0     150     150      50       0       0       0
      0       0       0       0       0       0       0

