Iteração 0:
1000000      10      12       8       9       5     400
     10 1000000      15      16       8      10     300
     12      15 1000000      10       8      12     150
      8      16      10 1000000      15       5     300
      9       8       8      15 1000000      20     100
      5      10      12       5      20 1000000     250
      0       0       0       0       0       0     350
    600     250     250     500     150     100       0

Iteração 1:
1000000      10      12       8       9 1000000     300
     10 1000000      15      16       8      10     300
     12      15 1000000      10       8      12     150
      8      16      10 1000000      15       5     300
      9       8       8      15 1000000      20     100
      5      10      12       5      20 1000000     250
      0       0       0       0       0       0     350
    600     250     250     500     150       0       0

Iteração 2:
1000000      10      12       8       9 1000000     300
     10 1000000      15      16       8      10     300
     12      15 1000000      10       8      12     150
      8      16      10 1000000      15 1000000     300
      9       8       8      15 1000000      20     100
      5      10      12       5      20 1000000     250
      0       0       0       0       0       0     350
    600     250     250     500     150       0       0

Iteração 3:
1000000      10      12       8       9 1000000     300
     10 1000000      15      16       8      10     300
     12      15 1000000      10       8      12     150
      8      16      10 1000000      15 1000000     300
      9       8       8      15 1000000      20     100
1000000      10      12       5      20 1000000       0
      0       0       0       0       0       0     350
    350     250     250     500     150       0       0

Iteração 4:
1000000      10      12       8       9 1000000     300
     10 1000000      15      16       8      10     300
     12      15 1000000      10       8      12     150
      8      16      10 1000000      15 1000000     300
      9       8       8      15 1000000      20     100
1000000      10      12 1000000      20 1000000       0
      0       0       0       0       0       0     350
    350     250     250     500     150       0       0

Iteração 5:
1000000      10      12 1000000       9 1000000       0
     10 1000000      15      16       8      10     300
     12      15 1000000      10       8      12     150
      8      16      10 1000000      15 1000000     300
      9       8       8      15 1000000      20     100
1000000      10      12 1000000      20 1000000       0
      0       0       0       0       0       0     350
    350     250     250     200     150       0       0

Iteração 6:
1000000      10      12 1000000       9 1000000       0
     10 1000000      15      16 1000000      10     150
     12      15 1000000      10       8      12     150
      8      16      10 1000000      15 1000000     300
      9       8       8      15 1000000      20     100
1000000      10      12 1000000      20 1000000       0
      0       0       0       0       0       0     350
    350     250     250     200       0       0       0

Iteração 7:
1000000      10      12 1000000       9 1000000       0
     10 1000000      15      16 1000000      10     150
     12      15 1000000      10 1000000      12     150
      8      16      10 1000000      15 1000000     300
      9       8       8      15 1000000      20     100
1000000      10      12 1000000      20 1000000       0
      0       0       0       0       0       0     350
    350     250     250     200       0       0       0

Iteração 8:
1000000      10      12 1000000       9 1000000       0
     10 1000000      15      16 1000000      10     150
     12      15 1000000      10 1000000      12     150
1000000      16      10 1000000      15 1000000       0
      9       8       8      15 1000000      20     100
1000000      10      12 1000000      20 1000000       0
      0       0       0       0       0       0     350
     50     250     250     200       0       0       0

Iteração 9:
1000000      10      12 1000000       9 1000000       0
     10 1000000      15      16 1000000      10     150
     12      15 1000000      10 1000000      12     150
1000000      16      10 1000000      15 1000000       0
      9 1000000       8      15 1000000      20       0
1000000      10      12 1000000      20 1000000       0
      0       0       0       0       0       0     350
     50     150     250     200       0       0       0

Iteração 10:
1000000      10      12 1000000       9 1000000       0
     10 1000000      15      16 1000000      10     150
     12      15 1000000      10 1000000      12     150
1000000      16      10 1000000      15 1000000       0
      9 1000000 1000000      15 1000000      20       0
1000000      10      12 1000000      20 1000000       0
      0       0       0       0       0       0     350
     50     150     250     200       0       0       0

Iteração 11:
1000000      10      12 1000000 1000000 1000000       0
     10 1000000      15      16 1000000      10     150
     12      15 1000000      10 1000000      12     150
1000000      16      10 1000000      15 1000000       0
      9 1000000 1000000      15 1000000      20       0
1000000      10      12 1000000      20 1000000       0
      0       0       0       0       0       0     350
     50     150     250     200       0       0       0

Iteração 12:
1000000      10      12 1000000 1000000 1000000       0
     10 1000000      15      16 1000000      10     150
     12      15 1000000      10 1000000      12     150
1000000      16      10 1000000      15 1000000       0
1000000 1000000 1000000      15 1000000      20       0
1000000      10      12 1000000      20 1000000       0
      0       0       0       0       0       0     350
     50     150     250     200       0       0       0

Iteração 13:
1000000 1000000      12 1000000 1000000 1000000       0
     10 1000000      15      16 1000000      10     150
     12      15 1000000      10 1000000      12     150
1000000      16      10 1000000      15 1000000       0
1000000 1000000 1000000      15 1000000      20       0
1000000      10      12 1000000      20 1000000       0
      0       0       0       0       0       0     350
     50     150     250     200       0       0       0

Iteração 14:
1000000 1000000      12 1000000 1000000 1000000       0
1000000 1000000      15      16 1000000      10     100
     12      15 1000000      10 1000000      12     150
1000000      16      10 1000000      15 1000000       0
1000000 1000000 1000000      15 1000000      20       0
1000000      10      12 1000000      20 1000000       0
      0       0       0       0       0       0     350
      0     150     250     200       0       0       0

Iteração 15:
1000000 1000000      12 1000000 1000000 1000000       0
1000000 1000000      15      16 1000000 1000000     100
     12      15 1000000      10 1000000      12     150
1000000      16      10 1000000      15 1000000       0
1000000 1000000 1000000      15 1000000      20       0
1000000      10      12 1000000      20 1000000       0
      0       0       0       0       0       0     350
      0     150     250     200       0       0       0

Iteração 16:
1000000 1000000      12 1000000 1000000 1000000       0
1000000 1000000      15      16 1000000 1000000     100
     12      15 1000000 1000000 1000000      12       0
1000000      16      10 1000000      15 1000000       0
1000000 1000000 1000000      15 1000000      20       0
1000000      10      12 1000000      20 1000000       0
      0       0       0       0       0       0     350
      0     150     250      50       0       0       0

Iteração 17:
1000000 1000000      12 1000000 1000000 1000000       0
1000000 1000000      15      16 1000000 1000000     100
     12      15 1000000 1000000 1000000      12       0
1000000      16 1000000 1000000      15 1000000       0
1000000 1000000 1000000      15 1000000      20       0
1000000      10      12 1000000      20 1000000       0
      0       0       0       0       0       0     350
      0     150     250      50       0       0       0

Iteração 18:
1000000 1000000      12 1000000 1000000 1000000       0
1000000 1000000      15      16 1000000 1000000     100
     12      15 1000000 1000000 1000000      12       0
1000000      16 1000000 1000000      15 1000000       0
1000000 1000000 1000000      15 1000000      20       0
1000000 1000000      12 1000000      20 1000000       0
      0       0       0       0       0       0     350
      0     150     250      50       0       0       0

Iteração 19:
1000000 1000000 1000000 1000000 1000000 1000000       0
1000000 1000000      15      16 1000000 1000000     100
     12      15 1000000 1000000 1000000      12       0
1000000      16 1000000 1000000      15 1000000       0
1000000 1000000 1000000      15 1000000      20       0
1000000 1000000      12 1000000      20 1000000       0
      0       0       0       0       0       0     350
      0     150     250      50       0       0       0

Iteração 20:
1000000 1000000 1000000 1000000 1000000 1000000       0
1000000 1000000      15      16 1000000 1000000     100
1000000      15 1000000 1000000 1000000      12       0
1000000      16 1000000 1000000      15 1000000       0
1000000 1000000 1000000      15 1000000      20       0
1000000 1000000      12 1000000      20 1000000       0
      0       0       0       0       0       0     350
      0     150     250      50       0       0       0

Iteração 21:
1000000 1000000 1000000 1000000 1000000 1000000       0
1000000 1000000      15      16 1000000 1000000     100
1000000      15 1000000 1000000 1000000 1000000       0
1000000      16 1000000 1000000      15 1000000       0
1000000 1000000 1000000      15 1000000      20       0
1000000 1000000      12 1000000      20 1000000       0
      0       0       0       0       0       0     350
      0     150     250      50       0       0       0

Iteração 22:
1000000 1000000 1000000 1000000 1000000 1000000       0
1000000 1000000      15      16 1000000 1000000     100
1000000      15 1000000 1000000 1000000 1000000       0
1000000      16 1000000 1000000      15 1000000       0
1000000 1000000 1000000      15 1000000      20       0
1000000 1000000 1000000 1000000      20 1000000       0
      0       0       0       0       0       0     350
      0     150     250      50       0       0       0

Iteração 23:
1000000 1000000 1000000 1000000 1000000 1000000       0
1000000 1000000 1000000      16 1000000 1000000       0
1000000      15 1000000 1000000 1000000 1000000       0
1000000      16 1000000 1000000      15 1000000       0
1000000 1000000 1000000      15 1000000      20       0
1000000 1000000 1000000 1000000      20 1000000       0
      0       0       0       0       0       0     350
      0     150     150      50       0       0       0

Iteração 24:
1000000 1000000 1000000 1000000 1000000 1000000       0
1000000 1000000 1000000      16 1000000 1000000       0
1000000      15 1000000 1000000 1000000 1000000       0
1000000      16 1000000 1000000      15 1000000       0
1000000 1000000 1000000      15 1000000      20       0
1000000 1000000 1000000 1000000      20 1000000       0
      0       0       0       0       0       0     200
      0       0     150      50       0       0       0

Iteração 25:
1000000 1000000 1000000 1000000 1000000 1000000       0
1000000 1000000 1000000      16 1000000 1000000       0
1000000      15 1000000 1000000 1000000 1000000       0
1000000      16 1000000 1000000      15 1000000       0
1000000 1000000 1000000      15 1000000      20       0
1000000 1000000 1000000 1000000      20 1000000       0
      0       0       0       0       0       0      50
      0       0       0      50       0       0       0

Iteração 26:
1000000 1000000 1000000 1000000 1000000 1000000       0
1000000 1000000 1000000      16 1000000 1000000       0
1000000      15 1000000 1000000 1000000 1000000       0
1000000      16 1000000 1000000      15 1000000       0
1000000 1000000 1000000      15 1000000      20       0
1000000 1000000 1000000 1000000      20 1000000       0
      0       0       0       0       0       0       0
      0       0       0       0       0       0       0

