Iteração 0:
 1  1  1  1  1  1  0  0  0  0  0  0  0  0  0  0  0  0  0  0  0  0  0  0  0  0  0  0  0  0  0  0  0  0  0  0  0  0  0  0  0  0 400
 0  0  0  0  0  0  1  1  1  1  1  1  0  0  0  0  0  0  0  0  0  0  0  0  0  0  0  0  0  0  0  0  0  0  0  0  0  0  0  0  0  0 300
 0  0  0  0  0  0  0  0  0  0  0  0  1  1  1  1  1  1  0  0  0  0  0  0  0  0  0  0  0  0  0  0  0  0  0  0  0  0  0  0  0  0 150
 0  0  0  0  0  0  0  0  0  0  0  0  0  0  0  0  0  0  1  1  1  1  1  1  0  0  0  0  0  0  0  0  0  0  0  0  0  0  0  0  0  0 300
 0  0  0  0  0  0  0  0  0  0  0  0  0  0  0  0  0  0  0  0  0  0  0  0  1  1  1  1  1  1  0  0  0  0  0  0  0  0  0  0  0  0 100
 0  0  0  0  0  0  0  0  0  0  0  0  0  0  0  0  0  0  0  0  0  0  0  0  0  0  0  0  0  0  1  1  1  1  1  1  0  0  0  0  0  0 250
 0  0  0  0  0  0  0  0  0  0  0  0  0  0  0  0  0  0  0  0  0  0  0  0  0  0  0  0  0  0  0  0  0  0  0  0  1  1  1  1  1  1 350
 1  0  0  0  0  0  1  0  0  0  0  0  1  0  0  0  0  0  1  0  0  0  0  0  1  0  0  0  0  0  1  0  0  0  0  0  1  0  0  0  0  0 600
 0  1  0  0  0  0  0  1  0  0  0  0  0  1  0  0  0  0  0  1  0  0  0  0  0  1  0  0  0  0  0  1  0  0  0  0  0  1  0  0  0  0 250
 0  0  1  0  0  0  0  0  1  0  0  0  0  0  1  0  0  0  0  0  1  0  0  0  0  0  1  0  0  0  0  0  1  0  0  0  0  0  1  0  0  0 250
 0  0  0  1  0  0  0  0  0  1  0  0  0  0  0  1  0  0  0  0  0  1  0  0  0  0  0  1  0  0  0  0  0  1  0  0  0  0  0  1  0  0 500
 0  0  0  0  1  0  0  0  0  0  1  0  0  0  0  0  1  0  0  0  0  0  1  0  0  0  0  0  1  0  0  0  0  0  1  0  0  0  0  0  1  0 150
 0  0  0  0  0  1  0  0  0  0  0  1  0  0  0  0  0  1  0  0  0  0  0  1  0  0  0  0  0  1  0  0  0  0  0  1  0  0  0  0  0  1 100

Iteração 1:
 1  1  1  1  1  1  0  0  0  0  0  0  0  0  0  0  0  0  0  0  0  0  0  0  0  0  0  0  0  0  0  0  0  0  0  0  0  0  0  0  0  0 400
 0  0  0  0  0  0  1  1  1  1  1  1  0  0  0  0  0  0  0  0  0  0  0  0  0  0  0  0  0  0  0  0  0  0  0  0  0  0  0  0  0  0 300
 0  0  0  0  0  0  0  0  0  0  0  0  1  1  1  1  1  1  0  0  0  0  0  0  0  0  0  0  0  0  0  0  0  0  0  0  0  0  0  0  0  0 150
 0  0  0  0  0  0  0  0  0  0  0  0  0  0  0  0  0  0  1  1  1  1  1  1  0  0  0  0  0  0  0  0  0  0  0  0  0  0  0  0  0  0 300
 0  0  0  0  0  0  0  0  0  0  0  0  0  0  0  0  0  0  0  0  0  0  0  0  1  1  1  1  1  1  0  0  0  0  0  0  0  0  0  0  0  0 100
 0  0  0  0  0  0  0  0  0  0  0  0  0  0  0  0  0  0  0  0  0  0  0  0  0  0  0  0  0  0  1  1  1  1  1  1  0  0  0  0  0  0 250
 0  0  0  0  0  0  0  0  0  0  0  0  0  0  0  0  0  0  0  0  0  0  0  0  0  0  0  0  0  0  0  0  0  0  0  0  1  1  1  1  1  1 350
 1  0  0  0  0  0  1  0  0  0  0  0  1  0  0  0  0  0  1  0  0  0  0  0  1  0  0  0  0  0  1  0  0  0  0  0  1  0  0  0  0  0 600
 0  1  0  0  0  0  0  1  0  0  0  0  0  1  0  0  0  0  0  1  0  0  0  0  0  1  0  0  0  0  0  1  0  0  0  0  0  1  0  0  0  0 250
 0  0  1  0  0  0  0  0  1  0  0  0  0  0  1  0  0  0  0  0  1  0  0  0  0  0  1  0  0  0  0  0  1  0  0  0  0  0  1  0  0  0 250
-1 -1 -1  0 -1 -1  0  0  0  1  0  0  0  0  0  1  0  0  0  0  0  1  0  0  0  0  0  1  0  0  0  0  0  1  0  0  0  0  0  1  0  0 100
 0  0  0  0  1  0  0  0  0  0  1  0  0  0  0  0  1  0  0  0  0  0  1  0  0  0  0  0  1  0  0  0  0  0  1  0  0  0  0  0  1  0 150
 0  0  0  0  0  1  0  0  0  0  0  1  0  0  0  0  0  1  0  0  0  0  0  1  0  0  0  0  0  1  0  0  0  0  0  1  0  0  0  0  0  1 100

Iteração 2:
 1  1  1  1  1  0  0  0  0  0  0 -1  0  0  0  0  0 -1  0  0  0  0  0 -1  0  0  0  0  0 -1  0  0  0  0  0 -1  0  0  0  0  0 -1 300
 0  0  0  0  0  0  1  1  1  1  1  1  0  0  0  0  0  0  0  0  0  0  0  0  0  0  0  0  0  0  0  0  0  0  0  0  0  0  0  0  0  0 300
 0  0  0  0  0  0  0  0  0  0  0  0  1  1  1  1  1  1  0  0  0  0  0  0  0  0  0  0  0  0  0  0  0  0  0  0  0  0  0  0  0  0 150
 0  0  0  0  0  0  0  0  0  0  0  0  0  0  0  0  0  0  1  1  1  1  1  1  0  0  0  0  0  0  0  0  0  0  0  0  0  0  0  0  0  0 300
 0  0  0  0  0  0  0  0  0  0  0  0  0  0  0  0  0  0  0  0  0  0  0  0  1  1  1  1  1  1  0  0  0  0  0  0  0  0  0  0  0  0 100
 0  0  0  0  0  0  0  0  0  0  0  0  0  0  0  0  0  0  0  0  0  0  0  0  0  0  0  0  0  0  1  1  1  1  1  1  0  0  0  0  0  0 250
 0  0  0  0  0  0  0  0  0  0  0  0  0  0  0  0  0  0  0  0  0  0  0  0  0  0  0  0  0  0  0  0  0  0  0  0  1  1  1  1  1  1 350
 1  0  0  0  0  0  1  0  0  0  0  0  1  0  0  0  0  0  1  0  0  0  0  0  1  0  0  0  0  0  1  0  0  0  0  0  1  0  0  0  0  0 600
 0  1  0  0  0  0  0  1  0  0  0  0  0  1  0  0  0  0  0  1  0  0  0  0  0  1  0  0  0  0  0  1  0  0  0  0  0  1  0  0  0  0 250
 0  0  1  0  0  0  0  0  1  0  0  0  0  0  1  0  0  0  0  0  1  0  0  0  0  0  1  0  0  0  0  0  1  0  0  0  0  0  1  0  0  0 250
-1 -1 -1  0 -1  0  0  0  0  1  0  1  0  0  0  1  0  1  0  0  0  1  0  1  0  0  0  1  0  1  0  0  0  1  0  1  0  0  0  1  0  1 200
 0  0  0  0  1  0  0  0  0  0  1  0  0  0  0  0  1  0  0  0  0  0  1  0  0  0  0  0  1  0  0  0  0  0  1  0  0  0  0  0  1  0 150
 0  0  0  0  0  1  0  0  0  0  0  1  0  0  0  0  0  1  0  0  0  0  0  1  0  0  0  0  0  1  0  0  0  0  0  1  0  0  0  0  0  1 100

Iteração 3:
 1  1  1  1  1  0  0  0  0  0  0 -1  0  0  0  0  0 -1  0  0  0  0  0 -1  0  0  0  0  0 -1  0  0  0  0  0 -1  0  0  0  0  0 -1 300
 0  0  0  0  0  0  1  1  1  1  1  1  0  0  0  0  0  0  0  0  0  0  0  0  0  0  0  0  0  0  0  0  0  0  0  0  0  0  0  0  0  0 300
 0  0  0  0  0  0  0  0  0  0  0  0  1  1  1  1  1  1  0  0  0  0  0  0  0  0  0  0  0  0  0  0  0  0  0  0  0  0  0  0  0  0 150
 0  0  0  0  0  0  0  0  0  0  0  0  0  0  0  0  0  0  1  1  1  1  1  1  0  0  0  0  0  0  0  0  0  0  0  0  0  0  0  0  0  0 300
 0  0  0  0  0  0  0  0  0  0  0  0  0  0  0  0  0  0  0  0  0  0  0  0  1  1  1  1  1  1  0  0  0  0  0  0  0  0  0  0  0  0 100
 0  0  0  0  0  0  0  0  0  0  0  0  0  0  0  0  0  0  0  0  0  0  0  0  0  0  0  0  0  0  1  1  1  1  1  1  0  0  0  0  0  0 250
 0  0  0  0  0  0  0  0  0  0  0  0  0  0  0  0  0  0  0  0  0  0  0  0  0  0  0  0  0  0  0  0  0  0  0  0  1  1  1  1  1  1 350
 1  0  0  0  0  0  0 -1 -1 -1 -1 -1  1  0  0  0  0  0  1  0  0  0  0  0  1  0  0  0  0  0  1  0  0  0  0  0  1  0  0  0  0  0 300
 0  1  0  0  0  0  0  1  0  0  0  0  0  1  0  0  0  0  0  1  0  0  0  0  0  1  0  0  0  0  0  1  0  0  0  0  0  1  0  0  0  0 250
 0  0  1  0  0  0  0  0  1  0  0  0  0  0  1  0  0  0  0  0  1  0  0  0  0  0  1  0  0  0  0  0  1  0  0  0  0  0  1  0  0  0 250
-1 -1 -1  0 -1  0  0  0  0  1  0  1  0  0  0  1  0  1  0  0  0  1  0  1  0  0  0  1  0  1  0  0  0  1  0  1  0  0  0  1  0  1 200
 0  0  0  0  1  0  0  0  0  0  1  0  0  0  0  0  1  0  0  0  0  0  1  0  0  0  0  0  1  0  0  0  0  0  1  0  0  0  0  0  1  0 150
 0  0  0  0  0  1  0  0  0  0  0  1  0  0  0  0  0  1  0  0  0  0  0  1  0  0  0  0  0  1  0  0  0  0  0  1  0  0  0  0  0  1 100

Iteração 4:
 1  1  1  1  1  0  0  0  0  0  0 -1  0  0  0  0  0 -1  0  0  0  0  0 -1  0  0  0  0  0 -1  0  0  0  0  0 -1  0  0  0  0  0 -1 300
 0  0 -1  0  0  0  1  1  0  1  1  1  0  0 -1  0  0  0  0  0 -1  0  0  0  0  0 -1  0  0  0  0  0 -1  0  0  0  0  0 -1  0  0  0 50
 0  0  0  0  0  0  0  0  0  0  0  0  1  1  1  1  1  1  0  0  0  0  0  0  0  0  0  0  0  0  0  0  0  0  0  0  0  0  0  0  0  0 150
 0  0  0  0  0  0  0  0  0  0  0  0  0  0  0  0  0  0  1  1  1  1  1  1  0  0  0  0  0  0  0  0  0  0  0  0  0  0  0  0  0  0 300
 0  0  0  0  0  0  0  0  0  0  0  0  0  0  0  0  0  0  0  0  0  0  0  0  1  1  1  1  1  1  0  0  0  0  0  0  0  0  0  0  0  0 100
 0  0  0  0  0  0  0  0  0  0  0  0  0  0  0  0  0  0  0  0  0  0  0  0  0  0  0  0  0  0  1  1  1  1  1  1  0  0  0  0  0  0 250
 0  0  0  0  0  0  0  0  0  0  0  0  0  0  0  0  0  0  0  0  0  0  0  0  0  0  0  0  0  0  0  0  0  0  0  0  1  1  1  1  1  1 350
 1  0  1  0  0  0  0 -1  0 -1 -1 -1  1  0  1  0  0  0  1  0  1  0  0  0  1  0  1  0  0  0  1  0  1  0  0  0  1  0  1  0  0  0 550
 0  1  0  0  0  0  0  1  0  0  0  0  0  1  0  0  0  0  0  1  0  0  0  0  0  1  0  0  0  0  0  1  0  0  0  0  0  1  0  0  0  0 250
 0  0  1  0  0  0  0  0  1  0  0  0  0  0  1  0  0  0  0  0  1  0  0  0  0  0  1  0  0  0  0  0  1  0  0  0  0  0  1  0  0  0 250
-1 -1 -1  0 -1  0  0  0  0  1  0  1  0  0  0  1  0  1  0  0  0  1  0  1  0  0  0  1  0  1  0  0  0  1  0  1  0  0  0  1  0  1 200
 0  0  0  0  1  0  0  0  0  0  1  0  0  0  0  0  1  0  0  0  0  0  1  0  0  0  0  0  1  0  0  0  0  0  1  0  0  0  0  0  1  0 150
 0  0  0  0  0  1  0  0  0  0  0  1  0  0  0  0  0  1  0  0  0  0  0  1  0  0  0  0  0  1  0  0  0  0  0  1  0  0  0  0  0  1 100

Iteração 5:
 1  1  1  1  1  0  0  0  0  0  0 -1  0  0  0  0  0 -1  0  0  0  0  0 -1  0  0  0  0  0 -1  0  0  0  0  0 -1  0  0  0  0  0 -1 300
 0  0 -1  0 -1  0  1  1  0  1  0  1  0  0 -1  0 -1  0  0  0 -1  0 -1  0  0  0 -1  0 -1  0  0  0 -1  0 -1  0  0  0 -1  0 -1  0 -100
 0  0  0  0  0  0  0  0  0  0  0  0  1  1  1  1  1  1  0  0  0  0  0  0  0  0  0  0  0  0  0  0  0  0  0  0  0  0  0  0  0  0 150
 0  0  0  0  0  0  0  0  0  0  0  0  0  0  0  0  0  0  1  1  1  1  1  1  0  0  0  0  0  0  0  0  0  0  0  0  0  0  0  0  0  0 300
 0  0  0  0  0  0  0  0  0  0  0  0  0  0  0  0  0  0  0  0  0  0  0  0  1  1  1  1  1  1  0  0  0  0  0  0  0  0  0  0  0  0 100
 0  0  0  0  0  0  0  0  0  0  0  0  0  0  0  0  0  0  0  0  0  0  0  0  0  0  0  0  0  0  1  1  1  1  1  1  0  0  0  0  0  0 250
 0  0  0  0  0  0  0  0  0  0  0  0  0  0  0  0  0  0  0  0  0  0  0  0  0  0  0  0  0  0  0  0  0  0  0  0  1  1  1  1  1  1 350
 1  0  1  0  1  0  0 -1  0 -1  0 -1  1  0  1  0  1  0  1  0  1  0  1  0  1  0  1  0  1  0  1  0  1  0  1  0  1  0  1  0  1  0 700
 0  1  0  0  0  0  0  1  0  0  0  0  0  1  0  0  0  0  0  1  0  0  0  0  0  1  0  0  0  0  0  1  0  0  0  0  0  1  0  0  0  0 250
 0  0  1  0  0  0  0  0  1  0  0  0  0  0  1  0  0  0  0  0  1  0  0  0  0  0  1  0  0  0  0  0  1  0  0  0  0  0  1  0  0  0 250
-1 -1 -1  0 -1  0  0  0  0  1  0  1  0  0  0  1  0  1  0  0  0  1  0  1  0  0  0  1  0  1  0  0  0  1  0  1  0  0  0  1  0  1 200
 0  0  0  0  1  0  0  0  0  0  1  0  0  0  0  0  1  0  0  0  0  0  1  0  0  0  0  0  1  0  0  0  0  0  1  0  0  0  0  0  1  0 150
 0  0  0  0  0  1  0  0  0  0  0  1  0  0  0  0  0  1  0  0  0  0  0  1  0  0  0  0  0  1  0  0  0  0  0  1  0  0  0  0  0  1 100

Iteração 6:
 1  1  1  1  1  0  0  0  0  0  0 -1  0  0  0  0  0 -1  0  0  0  0  0 -1  0  0  0  0  0 -1  0  0  0  0  0 -1  0  0  0  0  0 -1 300
 0  0 -1  0 -1  0  1  1  0  1  0  1  0  0 -1  0 -1  0  0  0 -1  0 -1  0  0  0 -1  0 -1  0  0  0 -1  0 -1  0  0  0 -1  0 -1  0 -100
 0  0  0  0  0  0  0  0  0  0  0  0  1  1  1  1  1  1  0  0  0  0  0  0  0  0  0  0  0  0  0  0  0  0  0  0  0  0  0  0  0  0 150
 0  0  0  0  0  0  0  0  0  0  0  0  0  0  0  0  0  0  1  1  1  1  1  1  0  0  0  0  0  0  0  0  0  0  0  0  0  0  0  0  0  0 300
 0  0  0  0  0  0  0  0  0  0  0  0  0  0  0  0  0  0  0  0  0  0  0  0  1  1  1  1  1  1  0  0  0  0  0  0  0  0  0  0  0  0 100
 0  0  0  0  0  0  0  0  0  0  0  0  0  0  0  0  0  0  0  0  0  0  0  0  0  0  0  0  0  0  1  1  1  1  1  1  0  0  0  0  0  0 250
 0  0  0  0  0  0  0  0  0  0  0  0  0  0  0  0  0  0  0  0  0  0  0  0  0  0  0  0  0  0  0  0  0  0  0  0  1  1  1  1  1  1 350
 1  0  1  0  1  0  0 -1  0 -1  0 -1  1  0  1  0  1  0  1  0  1  0  1  0  1  0  1  0  1  0  1  0  1  0  1  0  1  0  1  0  1  0 700
 0  1  0  0  0  0  0  1  0  0  0  0  0  1  0  0  0  0  0  1  0  0  0  0  0  1  0  0  0  0  0  1  0  0  0  0  0  1  0  0  0  0 250
 0  0  1  0  0  0  0  0  1  0  0  0  0  0  1  0  0  0  0  0  1  0  0  0  0  0  1  0  0  0  0  0  1  0  0  0  0  0  1  0  0  0 250
-1 -1 -1  0 -1  0  0  0  0  1  0  1 -1 -1 -1  0 -1  0  0  0  0  1  0  1  0  0  0  1  0  1  0  0  0  1  0  1  0  0  0  1  0  1 50
 0  0  0  0  1  0  0  0  0  0  1  0  0  0  0  0  1  0  0  0  0  0  1  0  0  0  0  0  1  0  0  0  0  0  1  0  0  0  0  0  1  0 150
 0  0  0  0  0  1  0  0  0  0  0  1  0  0  0  0  0  1  0  0  0  0  0  1  0  0  0  0  0  1  0  0  0  0  0  1  0  0  0  0  0  1 100

Iteração 7:
 1  1  1  1  1  0  0  0  0  0  0 -1  0  0  0  0  0 -1  0  0  0  0  0 -1  0  0  0  0  0 -1  0  0  0  0  0 -1  0  0  0  0  0 -1 300
 0  0 -1  0 -1  0  1  1  0  1  0  1  0  0 -1  0 -1  0  0  0 -1  0 -1  0  0  0 -1  0 -1  0  0  0 -1  0 -1  0  0  0 -1  0 -1  0 -100
 0  0  0  0  0  0  0  0  0  0  0  0  1  1  1  1  1  1  0  0  0  0  0  0  0  0  0  0  0  0  0  0  0  0  0  0  0  0  0  0  0  0 150
 0  0  0  0  0  0  0  0  0  0  0  0  0  0  0  0  0  0  1  1  1  1  1  1  0  0  0  0  0  0  0  0  0  0  0  0  0  0  0  0  0  0 300
 0  0  0  0  0  0  0  0  0  0  0  0  0  0  0  0  0  0  0  0  0  0  0  0  1  1  1  1  1  1  0  0  0  0  0  0  0  0  0  0  0  0 100
 0  0  0  0  0  0  0  0  0  0  0  0  0  0  0  0  0  0  0  0  0  0  0  0  0  0  0  0  0  0  1  1  1  1  1  1  0  0  0  0  0  0 250
 0  0  0  0  0  0  0  0  0  0  0  0  0  0  0  0  0  0  0  0  0  0  0  0  0  0  0  0  0  0  0  0  0  0  0  0  1  1  1  1  1  1 350
 1  0  1  0  1  0  0 -1  0 -1  0 -1  1  0  1  0  1  0  0 -1  0 -1  0 -1  1  0  1  0  1  0  1  0  1  0  1  0  1  0  1  0  1  0 400
 0  1  0  0  0  0  0  1  0  0  0  0  0  1  0  0  0  0  0  1  0  0  0  0  0  1  0  0  0  0  0  1  0  0  0  0  0  1  0  0  0  0 250
 0  0  1  0  0  0  0  0  1  0  0  0  0  0  1  0  0  0  0  0  1  0  0  0  0  0  1  0  0  0  0  0  1  0  0  0  0  0  1  0  0  0 250
-1 -1 -1  0 -1  0  0  0  0  1  0  1 -1 -1 -1  0 -1  0  0  0  0  1  0  1  0  0  0  1  0  1  0  0  0  1  0  1  0  0  0  1  0  1 50
 0  0  0  0  1  0  0  0  0  0  1  0  0  0  0  0  1  0  0  0  0  0  1  0  0  0  0  0  1  0  0  0  0  0  1  0  0  0  0  0  1  0 150
 0  0  0  0  0  1  0  0  0  0  0  1  0  0  0  0  0  1  0  0  0  0  0  1  0  0  0  0  0  1  0  0  0  0  0  1  0  0  0  0  0  1 100

Iteração 8:
 1  1  1  1  1  0  0  0  0  0  0 -1  0  0  0  0  0 -1  0  0  0  0  0 -1  0  0  0  0  0 -1  0  0  0  0  0 -1  0  0  0  0  0 -1 300
 0  0 -1  0 -1  0  1  1  0  1  0  1  0  0 -1  0 -1  0  0  0 -1  0 -1  0  0  0 -1  0 -1  0  0  0 -1  0 -1  0  0  0 -1  0 -1  0 -100
 0  0  0  0  0  0  0  0  0  0  0  0  1  1  1  1  1  1  0  0  0  0  0  0  0  0  0  0  0  0  0  0  0  0  0  0  0  0  0  0  0  0 150
 0  0  0  0  0  0  0  0  0  0  0  0  0  0  0  0  0  0  1  1  1  1  1  1  0  0  0  0  0  0  0  0  0  0  0  0  0  0  0  0  0  0 300
 0  0  0  0  0  0  0  0  0  0  0  0  0  0  0  0  0  0  0  0  0  0  0  0  1  1  1  1  1  1  0  0  0  0  0  0  0  0  0  0  0  0 100
 0  0  0  0  0  0  0  0  0  0  0  0  0  0  0  0  0  0  0  0  0  0  0  0  0  0  0  0  0  0  1  1  1  1  1  1  0  0  0  0  0  0 250
 0  0  0  0  0  0  0  0  0  0  0  0  0  0  0  0  0  0  0  0  0  0  0  0  0  0  0  0  0  0  0  0  0  0  0  0  1  1  1  1  1  1 350
 1  0  1  0  1  0  0 -1  0 -1  0 -1  1  0  1  0  1  0  0 -1  0 -1  0 -1  1  0  1  0  1  0  1  0  1  0  1  0  1  0  1  0  1  0 400
 0  1  0  0  0  0  0  1  0  0  0  0  0  1  0  0  0  0  0  1  0  0  0  0 -1  0 -1 -1 -1 -1  0  1  0  0  0  0  0  1  0  0  0  0 150
 0  0  1  0  0  0  0  0  1  0  0  0  0  0  1  0  0  0  0  0  1  0  0  0  0  0  1  0  0  0  0  0  1  0  0  0  0  0  1  0  0  0 250
-1 -1 -1  0 -1  0  0  0  0  1  0  1 -1 -1 -1  0 -1  0  0  0  0  1  0  1  0  0  0  1  0  1  0  0  0  1  0  1  0  0  0  1  0  1 50
 0  0  0  0  1  0  0  0  0  0  1  0  0  0  0  0  1  0  0  0  0  0  1  0  0  0  0  0  1  0  0  0  0  0  1  0  0  0  0  0  1  0 150
 0  0  0  0  0  1  0  0  0  0  0  1  0  0  0  0  0  1  0  0  0  0  0  1  0  0  0  0  0  1  0  0  0  0  0  1  0  0  0  0  0  1 100

Iteração 9:
 1  1  1  1  1  0  0  0  0  0  0 -1  0  0  0  0  0 -1  0  0  0  0  0 -1  0  0  0  0  0 -1  0  0  0  0  0 -1  0  0  0  0  0 -1 300
 0  0 -1  0 -1  0  1  1  0  1  0  1  0  0 -1  0 -1  0  0  0 -1  0 -1  0  0  0 -1  0 -1  0  0  0 -1  0 -1  0  0  0 -1  0 -1  0 -100
 0  0  0  0  0  0  0  0  0  0  0  0  1  1  1  1  1  1  0  0  0  0  0  0  0  0  0  0  0  0  0  0  0  0  0  0  0  0  0  0  0  0 150
 0  0  0  0  0  0  0  0  0  0  0  0  0  0  0  0  0  0  1  1  1  1  1  1  0  0  0  0  0  0  0  0  0  0  0  0  0  0  0  0  0  0 300
 0  0  0  0  0  0  0  0  0  0  0  0  0  0  0  0  0  0  0  0  0  0  0  0  1  1  1  1  1  1  0  0  0  0  0  0  0  0  0  0  0  0 100
 0  0  0  0  0  0  0  0  0  0  0  0  0  0  0  0  0  0  0  0  0  0  0  0  0  0  0  0  0  0  1  1  1  1  1  1  0  0  0  0  0  0 250
 0  0  0  0  0  0  0  0  0  0  0  0  0  0  0  0  0  0  0  0  0  0  0  0  0  0  0  0  0  0  0  0  0  0  0  0  1  1  1  1  1  1 350
 1  0  1  0  1  0  0 -1  0 -1  0 -1  1  0  1  0  1  0  0 -1  0 -1  0 -1  1  0  1  0  1  0  0 -1  0 -1  0 -1  1  0  1  0  1  0 150
 0  1  0  0  0  0  0  1  0  0  0  0  0  1  0  0  0  0  0  1  0  0  0  0 -1  0 -1 -1 -1 -1  0  1  0  0  0  0  0  1  0  0  0  0 150
 0  0  1  0  0  0  0  0  1  0  0  0  0  0  1  0  0  0  0  0  1  0  0  0  0  0  1  0  0  0  0  0  1  0  0  0  0  0  1  0  0  0 250
-1 -1 -1  0 -1  0  0  0  0  1  0  1 -1 -1 -1  0 -1  0  0  0  0  1  0  1  0  0  0  1  0  1  0  0  0  1  0  1  0  0  0  1  0  1 50
 0  0  0  0  1  0  0  0  0  0  1  0  0  0  0  0  1  0  0  0  0  0  1  0  0  0  0  0  1  0  0  0  0  0  1  0  0  0  0  0  1  0 150
 0  0  0  0  0  1  0  0  0  0  0  1  0  0  0  0  0  1  0  0  0  0  0  1  0  0  0  0  0  1  0  0  0  0  0  1  0  0  0  0  0  1 100

Iteração 10:
 1  1  1  1  1  0  0  0  0  0  0 -1  0  0  0  0  0 -1  0  0  0  0  0 -1  0  0  0  0  0 -1  0  0  0  0  0 -1  0  0  0  0  0 -1 300
 0  0 -1  0 -1  0  1  1  0  1  0  1  0  0 -1  0 -1  0  0  0 -1  0 -1  0  0  0 -1  0 -1  0  0  0 -1  0 -1  0  0  0 -1  0 -1  0 -100
 0  0  0  0  0  0  0  0  0  0  0  0  1  1  1  1  1  1  0  0  0  0  0  0  0  0  0  0  0  0  0  0  0  0  0  0  0  0  0  0  0  0 150
 0  0  0  0  0  0  0  0  0  0  0  0  0  0  0  0  0  0  1  1  1  1  1  1  0  0  0  0  0  0  0  0  0  0  0  0  0  0  0  0  0  0 300
 0  0  0  0  0  0  0  0  0  0  0  0  0  0  0  0  0  0  0  0  0  0  0  0  1  1  1  1  1  1  0  0  0  0  0  0  0  0  0  0  0  0 100
 0  0  0  0  0  0  0  0  0  0  0  0  0  0  0  0  0  0  0  0  0  0  0  0  0  0  0  0  0  0  1  1  1  1  1  1  0  0  0  0  0  0 250
 0 -1  0  0  0  0  0 -1  0  0  0  0  0 -1  0  0  0  0  0 -1  0  0  0  0  1  0  1  1  1  1  0 -1  0  0  0  0  1  0  1  1  1  1 200
 1  0  1  0  1  0  0 -1  0 -1  0 -1  1  0  1  0  1  0  0 -1  0 -1  0 -1  1  0  1  0  1  0  0 -1  0 -1  0 -1  1  0  1  0  1  0 150
 0  1  0  0  0  0  0  1  0  0  0  0  0  1  0  0  0  0  0  1  0  0  0  0 -1  0 -1 -1 -1 -1  0  1  0  0  0  0  0  1  0  0  0  0 150
 0  0  1  0  0  0  0  0  1  0  0  0  0  0  1  0  0  0  0  0  1  0  0  0  0  0  1  0  0  0  0  0  1  0  0  0  0  0  1  0  0  0 250
-1 -1 -1  0 -1  0  0  0  0  1  0  1 -1 -1 -1  0 -1  0  0  0  0  1  0  1  0  0  0  1  0  1  0  0  0  1  0  1  0  0  0  1  0  1 50
 0  0  0  0  1  0  0  0  0  0  1  0  0  0  0  0  1  0  0  0  0  0  1  0  0  0  0  0  1  0  0  0  0  0  1  0  0  0  0  0  1  0 150
 0  0  0  0  0  1  0  0  0  0  0  1  0  0  0  0  0  1  0  0  0  0  0  1  0  0  0  0  0  1  0  0  0  0  0  1  0  0  0  0  0  1 100

Iteração 11:
 1  1  1  1  1  0  0  0  0  0  0 -1  0  0  0  0  0 -1  0  0  0  0  0 -1  0  0  0  0  0 -1  0  0  0  0  0 -1  0  0  0  0  0 -1 300
 1  0  0  0  0  0  1  0  0  0  0  0  1  0  0  0  0  0  0 -1 -1 -1 -1 -1  1  0  0  0  0  0  0 -1 -1 -1 -1 -1  1  0  0  0  0  0 50
 0  0  0  0  0  0  0  0  0  0  0  0  1  1  1  1  1  1  0  0  0  0  0  0  0  0  0  0  0  0  0  0  0  0  0  0  0  0  0  0  0  0 150
 0  0  0  0  0  0  0  0  0  0  0  0  0  0  0  0  0  0  1  1  1  1  1  1  0  0  0  0  0  0  0  0  0  0  0  0  0  0  0  0  0  0 300
 0  0  0  0  0  0  0  0  0  0  0  0  0  0  0  0  0  0  0  0  0  0  0  0  1  1  1  1  1  1  0  0  0  0  0  0  0  0  0  0  0  0 100
 0  0  0  0  0  0  0  0  0  0  0  0  0  0  0  0  0  0  0  0  0  0  0  0  0  0  0  0  0  0  1  1  1  1  1  1  0  0  0  0  0  0 250
-1 -1 -1  0 -1  0  0  0  0  1  0  1 -1 -1 -1  0 -1  0  0  0  0  1  0  1  0  0  0  1  0  1  0  0  0  1  0  1  0  0  0  1  0  1 50
 1  0  1  0  1  0  0 -1  0 -1  0 -1  1  0  1  0  1  0  0 -1  0 -1  0 -1  1  0  1  0  1  0  0 -1  0 -1  0 -1  1  0  1  0  1  0 150
 0  1  0  0  0  0  0  1  0  0  0  0  0  1  0  0  0  0  0  1  0  0  0  0 -1  0 -1 -1 -1 -1  0  1  0  0  0  0  0  1  0  0  0  0 150
-1  0  0  0 -1  0  0  1  1  1  0  1 -1  0  0  0 -1  0  0  1  1  1  0  1 -1  0  0  0 -1  0  0  1  1  1  0  1 -1  0  0  0 -1  0 100
-1 -1 -1  0 -1  0  0  0  0  1  0  1 -1 -1 -1  0 -1  0  0  0  0  1  0  1  0  0  0  1  0  1  0  0  0  1  0  1  0  0  0  1  0  1 50
 0  0  0  0  1  0  0  0  0  0  1  0  0  0  0  0  1  0  0  0  0  0  1  0  0  0  0  0  1  0  0  0  0  0  1  0  0  0  0  0  1  0 150
 0  0  0  0  0  1  0  0  0  0  0  1  0  0  0  0  0  1  0  0  0  0  0  1  0  0  0  0  0  1  0  0  0  0  0  1  0  0  0  0  0  1 100

Iteração 12:
 1  1  1  1  1  0  0  0  0  0  0 -1  0  0  0  0  0 -1  0  0  0  0  0 -1  0  0  0  0  0 -1  0  0  0  0  0 -1  0  0  0  0  0 -1 300
 1  0  0  0  0  0  1  0  0  0  0  0  1  0  0  0  0  0  0 -1 -1 -1 -1 -1  1  0  0  0  0  0  0 -1 -1 -1 -1 -1  1  0  0  0  0  0 50
 0  0  0  0  0  0  0  0  0  0  0  0  1  1  1  1  1  1  0  0  0  0  0  0  0  0  0  0  0  0  0  0  0  0  0  0  0  0  0  0  0  0 150
 0  0  0  0  0  0  0  0  0  0  0  0  0  0  0  0  0  0  1  1  1  1  1  1  0  0  0  0  0  0  0  0  0  0  0  0  0  0  0  0  0  0 300
 0  0  0  0  0  0  0  0  0  0  0  0  0  0  0  0  0  0  0  0  0  0  0  0  1  1  1  1  1  1  0  0  0  0  0  0  0  0  0  0  0  0 100
 0  0  0  0  0  0  0  0  0  0  0  0  0  0  0  0  0  0  0  0  0  0  0  0  0  0  0  0  0  0  1  1  1  1  1  1  0  0  0  0  0  0 250
-1 -1 -1  0 -1  0  0  0  0  1  0  1 -1 -1 -1  0 -1  0  0  0  0  1  0  1  0  0  0  1  0  1  0  0  0  1  0  1  0  0  0  1  0  1 50
 1  0  1  0  1  0  0 -1  0 -1  0 -1  1  0  1  0  1  0  0 -1  0 -1  0 -1  1  0  1  0  1  0  0 -1  0 -1  0 -1  1  0  1  0  1  0 150
 0  1  0  0  0  0  0  1  0  0  0  0  0  1  0  0  0  0  0  1  0  0  0  0 -1  0 -1 -1 -1 -1  0  1  0  0  0  0  0  1  0  0  0  0 150
-1  0  0  0 -1  0  0  1  1  1  0  1 -1  0  0  0 -1  0  0  1  1  1  0  1 -1  0  0  0 -1  0  0  1  1  1  0  1 -1  0  0  0 -1  0 100
 0  0  0  0  0  0  0  0  0  0  0  0  0  0  0  0  0  0  0  0  0  0  0  0  0  0  0  0  0  0  0  0  0  0  0  0  0  0  0  0  0  0  0
 0  0  0  0  1  0  0  0  0  0  1  0  0  0  0  0  1  0  0  0  0  0  1  0  0  0  0  0  1  0  0  0  0  0  1  0  0  0  0  0  1  0 150
 0  0  0  0  0  1  0  0  0  0  0  1  0  0  0  0  0  1  0  0  0  0  0  1  0  0  0  0  0  1  0  0  0  0  0  1  0  0  0  0  0  1 100

